a b c d e f g h i j k l m n o p q r s t u w x y z
b 137
c 180 66
d 118 133 126
e 115 209 219 97
f 185 322 361 262 180
g 222 276 259 143 113 270
h 220 190 144 102 175 354 147
i 335 242 176 232 321 495 294 151
j 329 281 222 212 277 457 214 109 114
k 468 368 303 365 451 627 409 277 134 199
l 545 424 366 456 549 717 524 382 231 322 129
m 774 665 603 671 755 932 701 580 440 488 306 254
n 581 502 436 467 537 717 466 366 260 261 158 236 254
o 624 620 567 514 526 676 415 430 447 350 443 561 576 344
p 758 669 603 646 718 898 646 546 428 442 304 313 146 181 449
q 616 556 491 498 554 731 466 395 322 286 248 338 322 102 255 207
r 670 643 585 555 584 747 478 460 440 363 402 507 483 274 111 348 174
s 873 776 711 763 838 1018 769 665 539 562 409 386 145 304 561 125 329 454
t 812 740 674 695 755 933 668 593 499 483 392 429 272 239 388 131 202 278 189
u 845 782 717 727 781 956 688 625 544 516 446 493 341 289 368 201 230 257 247 70
w 728 701 642 612 640 801 533 518 495 420 451 549 501 314 143 361 211 58 456 271 236
x 1117 1032 966 1003 1068 1248 985 901 791 793 667 657 414 536 684 363 519 574 272 318 317 547
y 1027 952 886 910 969 1147 880 808 710 698 594 608 388 450 560 296 416 451 246 215 198 422 127
z 933 918 860 821 837 986 726 731 716 638 668 757 663 522 311 518 422 277 578 395 331 221 564 442